3648            
4               
11              
0               
0               
11              
17408           
0               
0               
0               
1025            
32              
2               
6               
0               
1               

// Volume Independent Parameters
1               
0               
0               
0               
0               
0               
0               
0               
0               
1               
20              
5               
500             
5000            
-96             
-85             
-50             
-31             
0               
-96             
-85             
-45             
-31             
-31             
1               
15              
32              
32              
32              
32              
32              
32              
32              
29              
31              
37              
49              
51              
48              
44              
39              
38              
37              
38              
40              
42              
45              
45              
40              
31              
25              
22              
21              
22              
23              
28              
37              
47              
47              
38              
33              
33              
36              
39              
40              
40              
40              
41              
40              
40              
39              
36              
33              
30              
28              
28              
28              
29              
30              
32              
33              
34              
34              
35              
37              
37              
36              
34              
32              
30              
29              
29              
30              
31              
33              
33              
34              
33              
32              
31              
31              
31              
31              
32              
33              
33              
33              
33              
33              
33              
33              
33              
33              
33              
34              
34              
35              
35              
36              
36              
37              
38              
39              
40              
40              
41              
41              
41              
41              
41              
40              
40              
39              
38              
37              
36              
35              
35              
34              
34              
34              
33              
33              
33              
33              
34              
34              
35              
35              
36              
36              
36              
35              
35              
34              
34              
34              
33              
33              
32              
31              
31              
30              
30              
29              
29              
29              
29              
29              
30              
30              
31              
31              
32              
32              
32              
33              
33              
33              
34              
34              
34              
33              
33              
33              
32              
32              
31              
31              
30              
30              
30              
30              
30              
30              
30              
30              
30              
30              
30              
30              
30              
30              
30              
30              
30              
30              
30              
30              
29              
29              
28              
28              
28              
28              
27              
27              
27              
26              
26              
26              
26              
26              
25              
25              
25              
26              
26              
26              
26              
26              
27              
27              
27              
27              
27              
27              
27              
27              
27              
26              
26              
26              
25              
25              
24              
24              
23              
23              
23              
22              
22              
22              
22              
22              
22              
22              
22              
22              
22              
22              
22              
22              
22              
22              
23              
23              
22              
22              
22              
22              
21              
21              
21              
21              
20              
20              
20              
20              
19              
19              
19              
19              
19              
19              
19              
19              
19              
19              
19              
19              
19              
19              
19              
19              
19              
18              
18              
18              
18              
17              
17              
17              
16              
16              
16              
16              
16              
16              
16              
15              
15              
16              
16              
16              
16              
16              
16              
16              
16              
16              
15              
15              
15              
15              
14              
14              
14              
13              
13              
13              
12              
12              
12              
11              
11              
11              
11              
11              
11              
11              
11              
11              
11              
11              
11              
11              
11              
11              
11              
11              
11              
10              
10              
9               
9               
9               
9               
8               
8               
8               
8               
8               
7               
7               
7               
7               
7               
7               
7               
7               
7               
7               
7               
7               
7               
7               
7               
6               
6               
6               
6               
6               
5               
5               
5               
5               
5               
4               
4               
4               
4               
4               
4               
4               
4               
4               
4               
4               
4               
4               
4               
4               
4               
3               
3               
3               
3               
3               
3               
3               
3               
3               
3               
3               
3               
3               
3               
3               
3               
3               
3               
3               
3               
3               
4               
4               
4               
4               
4               
4               
5               
5               
5               
5               
5               
5               
5               
5               
5               
6               
6               
6               
6               
6               
6               
6               
6               
6               
6               
6               
6               
6               
7               
7               
7               
7               
8               
8               
8               
8               
8               
8               
8               
8               
8               
8               
8               
8               
8               
8               
8               
8               
8               
8               
8               
8               
9               
9               
9               
9               
9               
9               
10              
10              
10              
11              
11              
11              
11              
12              
12              
12              
12              
12              
12              
12              
12              
12              
12              
12              
12              
12              
12              
13              
13              
13              
13              
13              
13              
14              
14              
14              
14              
15              
15              
15              
15              
15              
15              
15              
15              
15              
15              
14              
14              
14              
13              
13              
13              
13              
13              
13              
13              
14              
14              
14              
14              
15              
16              
17              
16              
18              
20              
18              
16              
19              
19              
17              
19              
21              
19              
19              
21              
21              
20              
22              
23              
20              
19              
22              
23              
20              
22              
25              
20              
18              
20              
19              
16              
18              
21              
19              
18              
20              
19              
15              
17              
18              
15              
14              
15              
14              
12              
13              
14              
11              
11              
11              
11              
11              
11              
11              
11              
11              
11              
11              
11              
11              
11              
11              
11              
11              
11              
16              
16              
32              
32              
32              
32              
32              
35              
33              
30              
31              
37              
48              
51              
45              
39              
33              
30              
27              
25              
25              
28              
33              
37              
39              
37              
31              
27              
26              
27              
32              
38              
43              
40              
34              
28              
24              
23              
23              
27              
33              
36              
35              
33              
32              
32              
32              
32              
32              
34              
35              
36              
36              
36              
37              
38              
39              
40              
39              
37              
35              
32              
30              
29              
30              
30              
31              
31              
32              
32              
33              
34              
34              
34              
34              
33              
33              
34              
35              
35              
36              
36              
37              
37              
37              
37              
37              
36              
36              
36              
37              
37              
37              
37              
37              
37              
37              
37              
38              
38              
39              
39              
39              
39              
39              
39              
39              
39              
38              
38              
38              
37              
36              
36              
35              
35              
35              
35              
35              
35              
35              
35              
35              
35              
35              
36              
36              
36              
36              
36              
36              
36              
36              
36              
36              
36              
37              
37              
37              
36              
37              
37              
37              
38              
38              
39              
39              
39              
39              
39              
38              
38              
38              
37              
37              
37              
36              
36              
35              
35              
34              
34              
34              
33              
33              
33              
33              
33              
33              
33              
33              
32              
32              
31              
31              
30              
29              
29              
29              
28              
28              
27              
27              
26              
26              
26              
27              
27              
27              
28              
28              
28              
29              
29              
29              
29              
29              
29              
29              
29              
29              
29              
29              
28              
28              
28              
28              
28              
28              
28              
28              
28              
28              
28              
28              
28              
28              
28              
28              
28              
28              
28              
28              
28              
28              
28              
28              
28              
28              
27              
27              
27              
26              
26              
26              
25              
25              
24              
24              
23              
23              
22              
22              
22              
21              
21              
21              
21              
20              
20              
20              
19              
19              
19              
19              
19              
19              
19              
19              
18              
18              
18              
18              
18              
18              
18              
17              
17              
17              
17              
17              
16              
16              
16              
16              
16              
16              
16              
16              
16              
16              
16              
16              
16              
16              
16              
16              
16              
16              
16              
16              
16              
16              
15              
15              
15              
15              
15              
15              
15              
15              
15              
15              
15              
15              
15              
15              
15              
15              
15              
14              
14              
14              
14              
14              
14              
14              
14              
14              
14              
13              
13              
13              
13              
13              
13              
13              
13              
13              
12              
12              
12              
12              
11              
11              
11              
11              
10              
10              
10              
10              
10              
10              
10              
9               
9               
9               
9               
9               
9               
9               
9               
9               
8               
8               
8               
8               
7               
7               
7               
7               
7               
7               
6               
6               
6               
6               
6               
6               
6               
6               
6               
6               
6               
6               
6               
6               
6               
6               
6               
6               
5               
5               
5               
5               
5               
5               
5               
5               
5               
5               
5               
5               
5               
5               
4               
4               
4               
4               
4               
4               
4               
4               
4               
3               
3               
3               
3               
3               
3               
3               
3               
3               
3               
3               
3               
3               
3               
3               
3               
3               
3               
3               
3               
3               
3               
3               
3               
3               
3               
3               
3               
3               
3               
3               
3               
3               
4               
4               
4               
4               
4               
4               
4               
4               
4               
4               
5               
5               
5               
5               
5               
5               
5               
5               
5               
5               
5               
5               
5               
5               
5               
5               
6               
6               
6               
6               
6               
6               
6               
6               
6               
6               
6               
6               
6               
6               
6               
6               
6               
6               
6               
7               
7               
7               
7               
7               
7               
7               
8               
8               
8               
8               
8               
8               
8               
8               
8               
9               
9               
9               
9               
9               
9               
9               
9               
9               
9               
9               
9               
9               
10              
10              
10              
10              
10              
9               
10              
11              
12              
14              
15              
16              
15              
13              
12              
11              
11              
12              
12              
13              
14              
13              
13              
14              
13              
12              
12              
10              
10              
10              
10              
10              
11              
10              
11              
10              
9               
9               
8               
8               
8               
8               
7               
6               
6               
6               
5               
5               
5               
4               
4               
4               
3               
3               
3               
3               
3               
3               
3               
3               
3               
3               
3               
3               
3               
3               
3               
3               
3               
8               
8               
32              
32              
32              
32              
32              
32              
32              
32              
32              
32              
32              
32              
32              
32              
32              
32              
32              
32              
32              
32              
32              
32              
32              
32              
32              
32              
32              
32              
32              
32              
32              
32              
32              
32              
32              
32              
32              
32              
32              
32              
32              
32              
32              
32              
32              
32              
32              
32              
32              
32              
32              
32              
32              
32              
32              
32              
32              
32              
32              
32              
32              
32              
32              
32              
32              
32              
32              
32              
32              
32              
32              
32              
32              
32              
32              
32              
32              
32              
32              
32              
32              
32              
32              
32              
32              
32              
32              
32              
32              
32              
32              
32              
32              
32              
32              
32              
32              
32              
32              
32              
32              
32              
32              
32              
32              
32              
32              
32              
32              
32              
32              
32              
32              
32              
32              
32              
32              
32              
32              
32              
32              
32              
32              
32              
32              
32              
32              
32              
32              
32              
32              
32              
32              
32              
32              
32              
32              
32              
32              
32              
32              
32              
32              
32              
32              
32              
32              
32              
32              
32              
32              
32              
32              
32              
32              
32              
32              
32              
32              
32              
32              
32              
32              
32              
32              
32              
32              
32              
32              
32              
32              
32              
32              
32              
32              
32              
32              
32              
32              
32              
32              
32              
32              
32              
32              
32              
32              
32              
32              
32              
32              
32              
32              
32              
32              
32              
32              
32              
32              
32              
32              
32              
32              
32              
32              
32              
32              
32              
32              
32              
32              
32              
32              
32              
32              
32              
32              
32              
32              
32              
32              
32              
32              
32              
32              
32              
32              
32              
32              
32              
32              
32              
32              
32              
32              
32              
32              
32              
32              
32              
32              
32              
32              
32              
32              
32              
32              
32              
32              
32              
32              
32              
32              
32              
32              
32              
32              
32              
32              
32              
32              
32              
32              
32              
32              
32              
32              
32              
32              
32              
32              
32              
32              
32              
32              
32              
32              
32              
32              
32              
32              
32              
32              
32              
32              
32              
32              
32              
32              
32              
32              
32              
32              
32              
32              
32              
32              
32              
32              
32              
32              
32              
32              
32              
32              
32              
32              
32              
32              
32              
32              
32              
32              
32              
32              
32              
32              
32              
32              
32              
32              
32              
32              
32              
32              
32              
32              
32              
32              
32              
32              
32              
32              
32              
32              
32              
32              
32              
32              
32              
32              
32              
32              
32              
32              
32              
32              
32              
32              
32              
32              
32              
32              
32              
32              
32              
32              
32              
32              
32              
32              
32              
32              
32              
32              
32              
32              
32              
32              
32              
32              
32              
32              
32              
32              
32              
32              
32              
32              
32              
32              
32              
32              
32              
32              
32              
32              
32              
32              
32              
32              
32              
32              
32              
32              
32              
32              
32              
32              
32              
32              
32              
32              
32              
32              
32              
32              
32              
32              
32              
32              
32              
32              
32              
32              
32              
32              
32              
32              
32              
32              
32              
32              
32              
32              
32              
32              
32              
32              
32              
32              
32              
32              
32              
32              
32              
32              
32              
32              
32              
32              
32              
32              
32              
32              
32              
32              
32              
32              
32              
32              
32              
32              
32              
32              
32              
32              
32              
32              
32              
32              
32              
32              
32              
32              
32              
32              
32              
32              
32              
32              
32              
32              
32              
32              
32              
32              
32              
32              
32              
32              
32              
32              
32              
32              
32              
32              
32              
32              
32              
32              
32              
32              
32              
32              
32              
32              
32              
32              
32              
32              
32              
32              
32              
32              
32              
32              
32              
32              
32              
32              
32              
32              
32              
32              
32              
32              
32              
32              
32              
32              
32              
32              
32              
32              
32              
32              
32              
32              
32              
32              
32              
32              
32              
32              
32              
32              
32              
32              
32              
32              
32              
32              
32              
32              
32              
32              
32              
32              
32              
32              
32              
32              
32              
32              
32              
32              
32              
32              
32              
32              
32              
32              
32              
32              
32              
32              
32              
32              
32              
32              
32              
32              
32              
32              
32              
32              
32              
32              
32              
32              
32              
32              
32              
32              
32              
32              
32              
32              
32              
32              
32              
32              
32              
32              
32              
32              
32              
32              
32              
32              
32              
32              
32              
32              
32              
32              
32              
32              
32              
32              
32              
32              
32              
32              
32              
32              
32              
32              
32              
32              
32              
32              
32              
32              
32              
32              
32              
32              
32              
32              
32              
32              
32              
32              
32              
32              
32              
32              
32              
32              
32              
32              
32              
32              
32              
32              
32              
32              
32              
32              
32              
32              
32              
32              
32              
32              
32              
32              
32              
32              
32              
32              
32              
32              
32              
32              
32              
32              
32              
32              
32              
32              
32              
32              
32              
32              
32              
32              
32              
32              
32              
32              
32              
32              
32              
32              
32              
32              
32              
32              
32              
32              
32              
32              
32              
32              
32              
32              
32              
32              
32              
32              
32              
32              
32              
32              
32              
32              
32              
32              
32              
32              
32              
32              
32              
32              
32              
32              
32              
32              
32              
32              
32              
32              
32              
32              
32              
32              
32              
32              
32              
32              
32              
32              
32              
32              
32              
32              
32              
32              
32              
32              
32              
32              
32              
32              
32              
32              
32              
32              
32              
32              
32              
32              
32              
32              
32              
32              
32              
32              
32              
32              
32              
32              
32              
32              
32              
32              
32              
32              
32              
32              
32              
32              
32              
32              
32              
32              
32              
32              
32              
32              
32              
32              
32              
32              
32              
32              
32              
32              
32              
32              
32              
32              
32              
32              
32              
32              
32              
32              
32              
32              
32              
32              
32              
32              
32              
32              
32              
32              
32              
32              
32              
32              
32              
32              
32              
32              
32              
32              
32              
32              
32              
32              
32              
32              
32              
32              
32              
32              
32              
32              
32              
32              
32              
32              
32              
32              
32              
32              
32              
32              
32              
32              
32              
32              
32              
32              
32              
32              
32              
32              
32              
32              
32              
32              
32              
32              
32              
32              
32              
32              
32              
32              
32              
32              
32              
32              
32              
32              
32              
32              
32              
32              
32              
32              
32              
32              
32              
32              
32              
32              
32              
32              
32              
32              
32              
32              
32              
32              
32              
32              
32              
32              
32              
32              
32              
32              
32              
32              
32              
32              
32              
32              
32              
32              
32              
32              
32              
32              
32              
32              
32              
32              
32              
32              
32              
32              
32              
32              
32              
32              
32              
32              
32              
32              
32              
32              
32              
32              
32              
32              
32              
32              
32              
32              
32              
32              
32              
32              
32              
32              
32              
32              
32              
32              
32              
32              
32              
32              
32              
32              
32              
32              
32              
32              
32              
32              
32              
32              
32              
32              
32              
32              
32              
32              
32              
32              
32              
32              
32              
32              
32              
32              
32              
32              
32              
32              
32              
32              
32              
32              
32              
32              
32              
32              
32              
32              
32              
32              
32              
32              
32              
32              
32              
32              
32              
32              
32              
32              
32              
32              
32              
32              
32              
32              
32              
32              
32              
32              
32              
32              
32              
32              
32              
32              
32              
32              
32              
32              
32              
32              
32              
32              
32              
32              
32              
32              
32              
32              
32              
32              
32              
32              
32              
32              
32              
32              
32              
32              
32              
32              
32              
32              
32              
32              
32              
32              
32              
32              
32              
32              
32              
32              
32              
32              
32              
32              
32              
32              
32              
32              
32              
32              
32              
32              
32              
32              
32              
32              
32              
32              
32              
32              
32              
32              
32              
32              
32              
32              
32              
32              
32              
32              
32              
32              
32              
32              
32              
32              
32              
32              
32              
32              
32              
32              
32              
32              
32              
32              
32              
32              
32              
32              
32              
32              
32              
32              
32              
32              
32              
32              
32              
32              
32              
32              
32              
32              
32              
32              
32              
32              
32              
32              
32              
32              
32              
32              
32              
32              
32              
32              
32              
32              
32              
32              
32              
32              
32              
32              
32              
32              
32              
32              
32              
32              
32              
32              
32              
32              
32              
32              
32              
32              
32              
32              
32              
32              
32              
0               
70              
70              
-6              
-6              
-48             
-48             
0               
32767           
33              
40              
100             
1               
-4              
-4              
32767           
-12             
12              
-66             
-67             
-77             
-80             
-80             
-83             
-88             
-91             
-93             
-94             
-94             
-96             
-96             
-95             
-97             
-98             
-98             
-99             
-99             
-100            
-100            
-100            
-101            
-101            
-101            
-102            
-101            
-102            
-103            
-103            
-103            
-103            
-103            
-104            
-104            
-104            
-104            
-105            
-105            
-104            
-104            
-105            
-105            
-105            
-105            
-105            
-106            
-105            
-106            
-106            
-106            
-106            
-106            
-106            
-106            
-106            
-106            
-107            
-106            
-107            
-107            
-107            
-106            
-107            
-107            
-108            
-108            
-107            
-107            
-107            
-107            
-107            
-107            
-108            
-108            
-108            
-108            
-108            
-108            
-108            
-108            
-108            
-108            
-109            
-108            
-108            
-108            
-108            
-109            
-108            
-108            
-108            
-109            
-108            
-109            
-108            
-109            
-109            
-109            
-109            
-109            
-109            
-109            
-110            
-109            
-109            
-109            
-110            
-109            
-109            
-109            
-110            
-110            
-109            
-110            
-110            
-110            
-109            
-110            
-110            
-110            
-109            
-109            
-110            
-110            
-110            
-110            
-110            
-110            
-110            
-110            
-110            
-110            
-109            
-110            
-110            
-110            
-110            
-111            
-110            
-110            
-110            
-110            
-110            
-110            
-110            
-110            
-110            
-110            
-111            
-110            
-110            
-110            
-111            
-110            
-111            
-111            
-111            
-111            
-110            
-110            
-111            
-111            
-111            
-111            
-111            
-111            
-111            
-111            
-112            
-111            
-111            
-111            
-111            
-111            
-111            
-111            
-111            
-111            
-111            
-111            
-111            
-111            
-111            
-111            
-112            
-111            
-111            
-111            
-111            
-111            
-111            
-111            
-111            
-111            
-110            
-111            
-111            
-111            
-111            
-111            
-112            
-111            
-111            
-111            
-111            
-111            
-111            
-111            
-111            
-111            
-111            
-112            
-111            
-111            
-111            
-111            
-111            
-111            
-112            
-111            
-111            
-111            
-112            
-111            
-111            
-111            
-111            
-111            
-111            
-111            
-111            
-111            
-111            
-111            
-111            
-111            
-112            
-112            
-111            
-111            
-111            
-111            
-111            
-111            
-111            
-111            
-111            
-112            
-112            
-111            
-111            
-111            
-112            
-111            
-111            
-111            
-111            
-111            
-111            
-112            
-111            
-111            
-111            
-112            
-111            
-111            
-112            
-111            
-111            
-112            
-112            
-111            
-111            
-111            
-111            
-111            
-111            
-112            
-111            
-111            
-111            
-111            
-111            
-111            
-111            
-111            
-112            
-111            
-110            
-111            
-111            
-111            
-111            
-111            
-111            
-111            
-111            
-111            
-111            
-111            
-112            
-111            
-111            
-111            
-111            
-111            
-111            
-111            
-111            
-111            
-111            
-111            
-111            
-111            
-111            
-111            
-111            
-111            
-110            
-111            
-111            
-110            
-110            
-111            
-111            
-111            
-111            
-111            
-111            
-110            
-110            
-110            
-111            
-111            
-111            
-110            
-110            
-110            
-110            
-110            
-110            
-109            
-109            
-110            
-109            
-110            
-110            
-110            
-110            
-110            
-110            
-110            
-110            
-109            
-109            
-109            
-109            
-109            
-108            
-108            
-109            
-108            
-108            
-109            
-108            
-109            
-108            
-108            
-108            
-108            
-108            
-108            
-107            
-108            
-108            
-107            
-107            
-107            
-107            
-108            
-107            
-107            
-107            
-106            
-106            
-106            
-107            
-107            
-106            
-107            
-106            
-106            
-107            
-107            
-107            
-107            
-107            
-107            
-107            
-107            
-107            
-107            
-108            
-108            
-109            
-108            
-108            
-108            
-108            
-109            
-108            
-109            
-109            
-109            
-109            
-109            
-109            
-109            
-109            
-110            
-109            
-110            
-110            
-110            
-110            
-111            
-110            
-109            
-110            
-111            
-110            
-110            
-110            
-110            
-110            
-110            
-110            
-110            
-110            
-110            
-111            
-111            
-111            
-111            
-110            
-111            
-111            
-111            
-110            
-111            
-111            
-111            
-110            
-111            
-111            
-111            
-111            
-111            
-111            
-111            
-111            
-111            
-111            
-111            
-111            
-112            
-112            
-112            
-111            
-112            
-111            
-111            
-112            
-111            
-111            
-111            
-111            
-112            
-112            
-112            
-111            
-112            
-112            
-112            
-112            
-111            
-112            
-111            
-112            
-111            
-111            
-111            
-111            
-112            
-112            
-111            
-112            
-112            
-112            
-112            
-112            
-112            
-111            
-112            
-111            
-112            
-112            
-113            
-114            
-114            
-114            
-116            
-65             
-67             
-77             
-80             
-79             
-83             
-89             
-92             
-93             
-94             
-95             
-95             
-96             
-97             
-99             
-99             
-99             
-99             
-100            
-101            
-101            
-101            
-101            
-101            
-102            
-102            
-102            
-103            
-102            
-102            
-103            
-103            
-104            
-104            
-104            
-105            
-105            
-105            
-105            
-104            
-105            
-105            
-105            
-105            
-106            
-106            
-106            
-106            
-106            
-106            
-106            
-106            
-106            
-106            
-106            
-106            
-106            
-106            
-107            
-107            
-107            
-107            
-108            
-107            
-108            
-107            
-108            
-107            
-107            
-108            
-108            
-108            
-108            
-108            
-107            
-108            
-108            
-108            
-108            
-108            
-109            
-109            
-108            
-109            
-109            
-108            
-108            
-109            
-108            
-108            
-108            
-108            
-109            
-109            
-109            
-109            
-109            
-109            
-109            
-109            
-109            
-109            
-109            
-109            
-110            
-109            
-109            
-109            
-110            
-109            
-109            
-109            
-110            
-110            
-110            
-110            
-110            
-109            
-110            
-109            
-109            
-110            
-110            
-109            
-110            
-110            
-110            
-109            
-109            
-110            
-110            
-110            
-110            
-109            
-109            
-110            
-110            
-111            
-110            
-110            
-110            
-110            
-109            
-110            
-110            
-110            
-110            
-110            
-110            
-110            
-110            
-110            
-110            
-110            
-110            
-110            
-111            
-111            
-111            
-110            
-111            
-111            
-110            
-110            
-110            
-111            
-110            
-110            
-110            
-111            
-110            
-111            
-110            
-110            
-111            
-111            
-111            
-111            
-110            
-110            
-111            
-110            
-110            
-110            
-111            
-111            
-110            
-110            
-111            
-111            
-111            
-111            
-111            
-110            
-111            
-111            
-111            
-111            
-112            
-111            
-110            
-111            
-111            
-111            
-111            
-111            
-110            
-110            
-111            
-111            
-111            
-110            
-111            
-111            
-111            
-111            
-111            
-110            
-111            
-111            
-111            
-110            
-110            
-110            
-111            
-111            
-110            
-111            
-112            
-111            
-111            
-111            
-111            
-110            
-111            
-111            
-111            
-110            
-111            
-111            
-111            
-111            
-111            
-110            
-111            
-111            
-111            
-111            
-111            
-111            
-111            
-111            
-111            
-111            
-111            
-111            
-110            
-110            
-111            
-112            
-111            
-111            
-111            
-111            
-111            
-111            
-111            
-111            
-111            
-111            
-110            
-111            
-111            
-111            
-111            
-111            
-111            
-111            
-111            
-111            
-110            
-111            
-111            
-111            
-111            
-111            
-111            
-111            
-111            
-112            
-111            
-110            
-111            
-111            
-111            
-111            
-111            
-111            
-111            
-110            
-111            
-111            
-110            
-111            
-111            
-110            
-111            
-111            
-111            
-110            
-111            
-111            
-111            
-110            
-110            
-111            
-111            
-110            
-111            
-111            
-111            
-111            
-111            
-110            
-111            
-111            
-111            
-111            
-111            
-110            
-110            
-110            
-110            
-111            
-110            
-111            
-110            
-110            
-110            
-110            
-110            
-110            
-110            
-110            
-110            
-110            
-110            
-110            
-110            
-110            
-110            
-110            
-110            
-110            
-110            
-109            
-109            
-110            
-110            
-110            
-109            
-110            
-110            
-109            
-110            
-109            
-109            
-109            
-109            
-109            
-109            
-109            
-109            
-109            
-109            
-108            
-109            
-108            
-108            
-108            
-109            
-109            
-108            
-108            
-108            
-108            
-108            
-107            
-107            
-108            
-108            
-108            
-108            
-107            
-107            
-107            
-107            
-106            
-107            
-106            
-106            
-106            
-106            
-107            
-106            
-106            
-106            
-106            
-105            
-105            
-105            
-105            
-106            
-105            
-105            
-105            
-106            
-105            
-105            
-105            
-105            
-106            
-106            
-106            
-105            
-105            
-106            
-106            
-105            
-106            
-106            
-106            
-106            
-106            
-107            
-107            
-107            
-107            
-107            
-107            
-107            
-107            
-107            
-108            
-107            
-108            
-108            
-108            
-108            
-106            
-108            
-109            
-108            
-109            
-108            
-108            
-109            
-109            
-109            
-109            
-109            
-109            
-109            
-109            
-108            
-108            
-110            
-110            
-109            
-109            
-110            
-109            
-110            
-109            
-110            
-109            
-110            
-110            
-111            
-110            
-110            
-110            
-110            
-110            
-110            
-110            
-110            
-110            
-110            
-110            
-111            
-110            
-110            
-110            
-110            
-111            
-110            
-111            
-111            
-111            
-110            
-111            
-111            
-110            
-110            
-111            
-112            
-112            
-112            
-112            
-113            
-114            
-114            
0               
1638            
655             
9830            
300             
300             
0               
-15             
0               
-4              
0               
-15             
0               
6               
-20             
-3              
2344            
4687            
0               
0               
0               
32767           
0               
-20             
1               
0               
20000           
1               
100             
5               
0               
15500           
200             
0               
19001           
25              
0               
8000            
250             
0               
6200            
400             
0               
8300            
400             
-5120           
14351           
350             
-8653           
9306            
400             
-7782           
13105           
800             
973             
13857           
1000            
0               
15005           
100             
2               
0               
200             
100             
-16             
2000            
100             
-16             
0               
1               
0               
20              
3               
0               
20              
0               
0               
50              
5000            
-96             
-24             
0               
0               
0               
-96             
-24             
-20             
0               
0               
0               
0               
0               
800             
2               
0               
20              
0               
0               
300             
20000           
-96             
0               
0               
0               
0               
-96             
0               
0               
0               
0               
1               
0               
0               
20              
2               
1               
20              
0               
0               
10000           
10000           
-96             
0               
0               
0               
0               
-96             
0               
0               
0               
0               
1               
0               
0               
20              
2               
1               
20              
0               
0               
10000           
10000           
-96             
0               
0               
0               
0               
-96             
0               
0               
0               
0               
1               
0               
0               
20              
2               
1               
20              
0               
0               
10000           
10000           
-96             
0               
0               
0               
0               
-96             
0               
0               
0               
0               
1               
0               
0               
20              
3               
0               
20              
0               
0               
300             
10000           
-96             
-25             
0               
0               
0               
-96             
-25             
-15             
0               
0               
0               
0               
1               
-1              
15              
0               
27233           
20              
0               
0               
0               
0               
0               
0               
0               
0               
165             
0               
0               
0               
0               
0               
0               
0               
0               
1               
2               
1               
-20             
-20             
-40             
-20             
-76             
-31             
0               
15              
96              
84              
6826            
6826            
6826            
6826            
6826            
6826            
6826            
6826            
6826            
6826            

// Volume 0
